230
230
228
227
242
239
231
234
246
233
235
229
230
227
230
234
232
231
231
230
227
228
230
228
228
231
233
227
232
234
234
232
232
231
238
228
230
227
234
235
228
230
233
230
232
231
230
232
230
231
240
230
230
231
244
231
236
234
229
232
228
230
228
231
230
235
233
232
226
231
230
231
239
231
231
235
235
241
240
267
251
237
242
232
232
233
229
230
237
237
234
247
237
238
242
228
232
234
232
232
539
462
529
516
521
549
494
516
473
532
478
508
523
529
534
563
500
530
581
511
485
485
530
498
559
493
531
481
537
612
491
519
497
556
479
523
518
514
486
590
489
474
528
517
533
508
528
506
524
547
563
514
501
533
569
520
523
568
548
433
514
510
501
561
476
519
558
535
584
503
474
500
540
513
555
498
516
534
560
530
570
567
499
508
513
519
571
565
606
391
472
521
490
542
497
520
560
534
557
536
589
507
532
517
483
477
513
597
573
487
528
504
499
579
559
521
550
558
631
395
