226
237
231
229
228
231
231
233
230
231
229
233
231
230
230
240
232
228
232
233
229
229
229
231
232
230
229
229
234
229
231
228
229
228
227
230
227
230
227
228
228
233
227
226
229
242
227
226
228
228
230
230
230
230
229
227
227
230
233
227
228
229
228
230
227
229
230
233
227
226
228
229
229
231
229
229
236
230
230
228
236
228
229
233
231
229
228
228
233
239
230
230
228
233
229
228
229
236
231
228
457
465
542
491
483
507
478
554
465
493
498
498
466
501
415
453
520
493
475
494
474
514
489
527
534
539
486
449
555
412
483
508
501
582
491
484
509
525
534
390
466
475
524
502
470
573
454
505
518
452
517
553
501
512
549
487
462
497
513
400
511
558
489
417
559
470
474
493
486
478
474
447
452
475
498
501
503
523
444
495
479
520
497
499
552
486
532
508
522
383
472
506
482
486
496
477
474
568
485
462
515
527
472
509
499
473
510
492
536
431
519
462
485
531
513
467
458
482
510
491
