231
239
231
228
229
229
231
231
226
227
227
231
233
231
229
236
231
229
229
238
231
247
227
229
232
231
228
230
235
229
229
230
231
229
227
228
231
231
230
225
226
232
231
229
246
231
230
229
226
229
231
226
229
227
231
226
227
229
234
230
229
225
229
230
229
229
231
230
226
230
232
230
228
229
227
230
230
228
230
232
234
231
227
229
231
226
232
226
244
233
232
230
231
234
232
232
233
232
229
229
503
528
549
479
477
525
543
489
544
433
514
491
527
496
511
518
515
515
521
489
509
579
547
515
476
475
575
437
533
431
485
536
563
540
503
493
467
564
545
434
489
533
525
519
540
472
505
508
521
485
576
535
531
500
542
491
579
513
519
395
488
518
504
513
541
515
503
528
614
405
595
500
512
529
503
502
499
591
533
399
604
495
537
498
513
573
472
534
533
407
506
520
523
505
578
468
581
487
562
420
496
516
494
494
512
497
520
428
506
487
526
492
480
451
471
505
484
521
481
495
