233
237
237
240
236
240
236
235
237
242
242
244
239
234
265
239
239
244
240
238
233
238
228
229
239
233
233
235
236
234
236
238
235
237
240
242
236
232
238
236
237
235
236
236
236
235
239
235
236
240
238
236
239
238
240
235
235
239
234
236
235
236
239
237
234
239
251
241
238
237
241
238
237
238
239
235
239
243
236
236
235
236
240
236
237
233
235
240
235
237
236
237
237
243
240
233
237
241
238
234
504
563
515
531
450
521
563
546
590
489
511
541
536
600
633
597
565
521
493
440
508
543
522
501
553
505
550
506
525
608
516
502
550
540
576
565
524
563
550
476
503
513
598
551
574
514
583
561
696
385
637
517
597
512
588
477
521
540
605
417
567
575
542
578
554
533
563
546
580
392
527
546
588
520
548
566
550
523
600
430
527
529
572
497
532
561
461
586
637
460
508
517
528
599
582
595
515
520
573
465
566
504
540
494
573
510
461
561
496
514
505
528
539
526
545
514
492
522
620
536
