230
230
234
238
233
235
231
234
231
231
232
232
235
235
230
229
237
235
243
234
237
232
234
231
237
234
233
232
233
235
230
231
231
234
231
231
230
237
235
234
234
235
233
231
234
236
234
232
235
233
236
233
237
235
234
233
230
233
232
231
232
242
234
231
228
232
232
233
233
230
232
236
232
235
231
233
230
229
233
232
237
230
231
229
233
234
233
230
231
230
232
232
231
232
239
232
233
233
234
231
512
444
552
503
517
470
626
534
489
484
482
495
540
479
525
451
533
557
550
477
492
527
553
515
519
566
543
469
573
417
520
504
546
555
499
499
516
529
473
489
545
582
517
511
555
463
477
513
485
477
528
593
606
511
489
557
439
519
518
416
520
501
525
524
531
496
483
477
599
483
508
506
609
506
543
475
576
490
487
477
447
512
508
504
498
514
524
525
543
490
550
535
590
544
514
488
498
492
553
442
521
519
523
500
439
495
492
511
464
499
494
520
577
501
523
558
554
503
583
392
