267
274
278
274
263
286
304
295
298
310
318
305
285
261
279
262
281
298
266
271
271
271
269
304
280
300
297
296
311
292
273
269
263
266
256
248
259
310
261
259
257
296
268
295
276
294
301
267
252
253
285
297
288
259
263
277
264
279
266
271
267
276
297
280
287
255
279
301
390
327
346
314
318
304
298
281
267
296
307
322
291
308
295
305
328
292
268
257
275
260
277
274
272
286
265
275
314
332
349
319
700
680
960
924
776
671
726
636
720
683
659
663
861
1102
833
673
730
711
660
655
767
751
1035
1099
711
722
717
705
771
431
704
741
1391
1025
711
797
730
709
705
329
681
739
1035
989
791
756
634
677
720
587
701
744
906
1012
769
647
680
649
694
714
765
749
1091
1040
695
570
811
584
745
630
751
694
891
1026
733
731
709
667
717
646
659
700
974
1103
694
673
592
736
691
692
781
855
1008
958
720
589
643
629
626
682
730
738
1055
1037
686
632
811
721
648
598
695
663
973
927
785
679
669
705
659
770
