599
564
644
656
580
599
2967
1755
660
557
608
654
722
544
578
666
3259
1384
556
628
653
721
690
578
603
1384
3152
828
562
561
612
878
708
620
553
1740
3056
651
675
418
649
691
694
628
623
1516
3253
668
678
496
668
903
682
581
578
1602
3085
712
681
424
627
723
675
609
568
622
2970
1648
656
583
657
756
736
536
573
1451
3289
598
597
489
658
698
685
733
589
1569
3099
650
617
510
635
665
687
658
690
1704
3056
634
601
484
586
680
774
588
623
1446
3340
601
723
485
644
715
696
579
614
1548
3292
664
621
500
