227
229
234
229
231
234
235
230
234
228
229
237
235
234
235
230
236
235
228
233
229
228
232
243
229
233
236
236
235
236
234
227
231
232
233
234
234
230
230
231
233
236
235
235
237
235
228
232
235
239
231
231
233
232
237
231
229
228
234
228
232
234
235
228
229
230
242
229
231
234
227
238
244
237
230
238
238
251
240
239
232
234
238
237
235
227
230
234
231
236
229
236
233
229
233
230
234
238
239
237
545
593
512
538
576
522
579
571
507
467
555
515
569
672
527
554
573
527
524
449
515
549
544
516
597
550
558
567
539
514
511
498
573
554
579
560
512
521
516
523
536
540
560
560
569
570
622
510
599
438
602
536
533
569
568
513
511
523
525
507
568
524
530
521
553
496
608
561
530
510
537
523
600
577
534
547
541
591
565
457
515
565
572
548
673
498
659
496
516
447
543
632
554
496
566
493
523
548
548
486
517
553
537
546
601
557
523
528
513
480
545
498
585
542
532
559
543
561
459
523
