231
229
232
227
228
236
231
225
228
229
231
229
228
230
229
231
234
235
234
229
228
227
231
232
230
224
228
231
229
232
230
230
229
228
228
231
229
230
226
228
230
229
229
230
233
231
230
232
234
229
227
228
232
228
229
231
233
237
231
228
244
229
231
233
231
237
235
227
226
230
233
231
228
228
233
237
238
234
233
235
232
229
234
233
233
232
227
236
233
232
228
234
230
231
228
233
233
232
232
233
485
530
470
438
533
504
542
510
418
508
479
529
497
400
514
486
544
467
583
494
526
519
549
554
509
514
485
484
484
487
609
521
498
478
520
483
479
539
549
466
494
617
595
492
504
559
551
503
526
396
465
591
551
531
493
507
535
563
489
439
521
495
485
538
505
491
574
514
535
527
533
584
493
591
526
502
584
505
449
427
522
596
498
514
574
525
451
452
519
448
522
498
504
553
493
422
533
508
522
537
540
570
524
580
476
499
496
562
500
441
479
614
509
493
526
487
479
513
546
478
