230
232
234
232
229
229
232
229
231
230
232
234
234
229
246
231
232
233
231
233
230
231
229
236
230
231
228
235
229
234
229
230
232
228
231
232
234
228
233
233
235
228
232
228
231
232
233
231
227
234
230
234
227
232
230
229
230
241
241
237
233
233
234
232
231
228
237
230
229
231
233
230
227
228
233
229
231
232
227
235
233
228
232
234
229
228
230
235
231
227
229
229
231
231
226
229
233
233
229
226
499
509
511
463
541
495
522
485
491
458
583
502
539
512
521
582
498
509
563
385
519
529
498
506
524
516
539
538
541
408
521
470
480
494
462
472
455
548
489
530
555
505
572
579
552
569
510
488
488
357
534
506
528
480
486
434
484
499
550
477
548
460
523
526
482
558
524
485
535
430
508
487
541
505
523
533
537
508
469
477
534
525
478
508
504
479
501
515
550
487
670
468
541
457
525
461
543
589
649
317
528
566
493
487
568
481
496
529
467
445
606
513
506
507
509
507
528
528
513
423
